[[1,1,128,1], [226.91]]
[[1,3,128,1], [436.12]]
[[2,4,128,1], [667.52]]
[[3,4,128,1], [666.99]]
[[4,4,128,1], [650.03]]
[[0,1,128,1], [767.48]]
[[1,1,160,1], [282.86]]
[[1,2,160,1], [424.13]]
[[1,3,160,1], [560.33]]
[[3,4,160,1], [793.52]]
[[4,4,160,1], [744.48]]
[[0,1,160,1], [895.49]]
[[1,1,192,1], [338.62]]
[[1,2,192,1], [505.28]]
[[1,3,192,1], [661.05]]
[[1,4,192,1], [707.60]]
[[2,4,192,1], [876.86]]
[[3,4,192,1], [958.49]]
[[4,4,192,1], [946.43]]
[[0,1,192,1], [1005.44]]
[[1,1,224,1], [379.97]]
[[1,2,224,1], [597.45]]
[[1,3,224,1], [737.72]]
[[1,4,224,1], [841.86]]
[[2,4,224,1], [1020.69]]
[[3,4,224,1], [1064.20]]
[[4,4,224,1], [1155.15]]
[[0,1,224,1], [1096.89]]
[[1,1,256,1], [433.92]]
[[1,2,256,1], [671.43]]
[[1,3,256,1], [829.65]]
[[1,4,256,1], [970.01]]
[[2,4,256,1], [1240.66]]
[[3,4,256,1], [1199.74]]
[[4,4,256,1], [1181.54]]
[[0,1,256,1], [1186.12]]
[[1,1,288,1], [486.07]]
[[1,3,288,1], [935.03]]
[[1,4,288,1], [1120.33]]
[[3,4,288,1], [1406.31]]
[[4,4,288,1], [1298.84]]
[[0,1,288,1], [1267.48]]
[[1,1,320,1], [506.17]]
[[1,2,320,1], [840.56]]
[[1,3,320,1], [1097.84]]
[[1,4,320,1], [1175.39]]
[[2,4,320,1], [1379.65]]
[[3,4,320,1], [1579.47]]
[[4,4,320,1], [1481.21]]
[[0,1,320,1], [1286.79]]
[[1,1,352,1], [586.77]]
[[1,2,352,1], [936.68]]
[[1,3,352,1], [1130.99]]
[[2,4,352,1], [1545.89]]
[[3,4,352,1], [1678.47]]
[[4,4,352,1], [1565.27]]
[[0,1,352,1], [1385.85]]
[[1,1,384,1], [626.89]]
[[1,2,384,1], [933.89]]
[[3,4,384,1], [1831.63]]
[[4,4,384,1], [1874.84]]
[[0,1,384,1], [1442.38]]
[[1,1,416,1], [666.71]]
[[1,2,416,1], [1078.90]]
[[1,4,416,1], [1468.90]]
[[3,4,416,1], [1906.09]]
[[4,4,416,1], [1939.35]]
[[0,1,416,1], [1484.42]]
[[1,1,448,1], [700.54]]
[[1,2,448,1], [1116.99]]
[[1,3,448,1], [1428.89]]
[[1,4,448,1], [1596.27]]
[[3,4,448,1], [2156.93]]
[[4,4,448,1], [1979.37]]
[[0,1,448,1], [1535.37]]
[[1,1,480,1], [745.05]]
[[1,2,480,1], [1191.88]]
[[1,3,480,1], [1585.24]]
[[1,4,480,1], [1490.23]]
[[3,4,480,1], [2234.45]]
[[4,4,480,1], [2251.55]]
[[0,1,480,1], [1523.50]]
[[1,1,512,1], [804.71]]
[[1,2,512,1], [1168.97]]
[[1,3,512,1], [1659.78]]
[[1,4,512,1], [1598.17]]
[[2,4,512,1], [2378.77]]
[[3,4,512,1], [2349.27]]
[[4,4,512,1], [2367.92]]
[[0,1,512,1], [1585.55]]
[[1,1,544,1], [847.59]]
[[1,2,544,1], [1266.94]]
[[1,3,544,1], [1695.49]]
[[1,4,544,1], [1807.18]]
[[3,4,544,1], [2212.12]]
[[4,4,544,1], [2499.62]]
[[0,1,544,1], [1573.36]]
[[1,1,576,1], [850.17]]
[[1,2,576,1], [1448.83]]
[[1,3,576,1], [1813.66]]
[[2,4,576,1], [2571.83]]
[[3,4,576,1], [2636.26]]
[[4,4,576,1], [2347.61]]
[[0,1,576,1], [1645.25]]
[[1,1,608,1], [911.87]]
[[1,2,608,1], [1421.26]]
[[1,3,608,1], [1699.20]]
[[1,4,608,1], [2065.24]]
[[3,4,608,1], [2669.95]]
[[4,4,608,1], [2691.99]]
[[0,1,608,1], [1702.18]]
[[1,1,640,1], [943.64]]
[[1,2,640,1], [1515.99]]
[[1,4,640,1], [2409.91]]
[[4,4,640,1], [2606.62]]
[[0,1,640,1], [1740.30]]
[[1,1,672,1], [970.51]]
[[1,2,672,1], [1588.75]]
[[1,3,672,1], [2057.03]]
[[1,4,672,1], [2231.79]]
[[3,4,672,1], [2876.14]]
[[4,4,672,1], [2662.26]]
[[0,1,672,1], [1749.19]]
[[1,1,704,1], [1009.68]]
[[1,2,704,1], [1560.26]]
[[1,3,704,1], [2122.28]]
[[3,4,704,1], [2859.08]]
[[4,4,704,1], [3071.08]]
[[0,1,704,1], [1799.71]]
[[1,1,736,1], [1028.53]]
[[1,2,736,1], [1674.92]]
[[2,4,736,1], [2886.79]]
[[4,4,736,1], [3012.19]]
[[0,1,736,1], [1806.34]]
[[1,1,768,1], [1047.68]]
[[1,2,768,1], [1742.81]]
[[1,3,768,1], [2307.84]]
[[2,4,768,1], [3037.15]]
[[3,4,768,1], [3183.33]]
[[4,4,768,1], [3071.93]]
[[0,1,768,1], [1804.51]]
[[1,1,800,1], [948.02]]
[[1,2,800,1], [1784.84]]
[[1,4,800,1], [2550.82]]
[[3,4,800,1], [3238.11]]
[[4,4,800,1], [3293.05]]
[[0,1,800,1], [1831.11]]
[[1,1,832,1], [929.67]]
[[1,2,832,1], [1722.99]]
[[0,1,832,1], [1852.06]]
[[1,1,864,1], [909.88]]
[[1,2,864,1], [1729.93]]
[[1,3,864,1], [2126.15]]
[[0,1,864,1], [1872.21]]
[[1,1,896,1], [912.29]]
[[1,2,896,1], [1646.05]]
[[1,3,896,1], [2198.90]]
[[0,1,896,1], [1866.17]]
[[1,1,928,1], [875.18]]
[[1,2,928,1], [1603.50]]
[[1,3,928,1], [2286.80]]
[[0,1,928,1], [1882.38]]
[[1,1,960,1], [923.28]]
[[1,2,960,1], [1659.97]]
[[1,3,960,1], [2306.71]]
[[0,1,960,1], [1892.04]]
[[1,1,992,1], [1013.35]]
[[1,2,992,1], [1671.98]]
[[0,1,992,1], [1746.25]]
[[1,1,128,2], [374.81]]
[[1,2,128,2], [618.50]]
[[1,3,128,2], [807.24]]
[[1,4,128,2], [851.19]]
[[2,4,128,2], [976.50]]
[[3,4,128,2], [1027.32]]
[[4,4,128,2], [992.41]]
[[0,1,128,2], [729.63]]
[[1,1,160,2], [452.92]]
[[1,2,160,2], [729.52]]
[[1,3,160,2], [844.04]]
[[2,4,160,2], [1294.70]]
[[3,4,160,2], [1313.71]]
[[4,4,160,2], [1281.38]]
[[0,1,160,2], [764.66]]
[[1,1,192,2], [461.89]]
[[1,2,192,2], [765.00]]
[[1,3,192,2], [1132.26]]
[[2,4,192,2], [1531.58]]
[[3,4,192,2], [1427.09]]
[[4,4,192,2], [1556.96]]
[[0,1,192,2], [955.52]]
[[1,1,224,2], [566.71]]
[[1,2,224,2], [959.34]]
[[1,3,224,2], [1342.92]]
[[1,4,224,2], [1395.45]]
[[2,4,224,2], [1747.75]]
[[3,4,224,2], [1754.98]]
[[4,4,224,2], [1818.10]]
[[0,1,224,2], [1023.71]]
[[1,1,256,2], [652.38]]
[[1,2,256,2], [1051.09]]
[[1,3,256,2], [1501.10]]
[[4,4,256,2], [1939.94]]
[[0,1,256,2], [1116.17]]
[[1,1,288,2], [722.20]]
[[1,2,288,2], [1251.07]]
[[1,3,288,2], [1704.83]]
[[1,4,288,2], [1726.12]]
[[3,4,288,2], [2161.12]]
[[4,4,288,2], [2177.87]]
[[0,1,288,2], [1204.24]]
[[1,1,320,2], [826.01]]
[[1,2,320,2], [1269.57]]
[[1,3,320,2], [1762.01]]
[[1,4,320,2], [2081.60]]
[[3,4,320,2], [2351.24]]
[[4,4,320,2], [2416.74]]
[[0,1,320,2], [1198.93]]
[[1,1,352,2], [877.89]]
[[1,3,352,2], [1660.56]]
[[1,4,352,2], [2162.79]]
[[2,4,352,2], [2435.14]]
[[3,4,352,2], [2702.16]]
[[4,4,352,2], [2408.03]]
[[0,1,352,2], [1297.49]]
[[1,1,384,2], [897.87]]
[[1,2,384,2], [1536.37]]
[[1,3,384,2], [1864.01]]
[[1,4,384,2], [2403.63]]
[[2,4,384,2], [2574.66]]
[[3,4,384,2], [2687.51]]
[[4,4,384,2], [2614.27]]
[[0,1,384,2], [1345.12]]
[[1,1,416,2], [849.67]]
[[1,2,416,2], [1553.89]]
[[1,3,416,2], [1923.37]]
[[0,1,416,2], [1387.86]]
[[1,1,448,2], [840.70]]
[[1,2,448,2], [1499.58]]
[[1,3,448,2], [1915.47]]
[[0,1,448,2], [1448.75]]
[[1,1,480,2], [808.54]]
[[1,3,480,2], [2269.65]]
[[0,1,480,2], [1494.02]]
[[1,1,512,2], [889.70]]
[[1,2,512,2], [1672.62]]
[[1,3,512,2], [2351.22]]
[[0,1,512,2], [1491.63]]
[[1,1,544,2], [1035.87]]
[[1,2,544,2], [1845.24]]
[[1,3,544,2], [2382.27]]
[[0,1,544,2], [1575.52]]
[[1,1,576,2], [1004.25]]
[[1,2,576,2], [1834.25]]
[[1,3,576,2], [2658.04]]
[[0,1,576,2], [1215.16]]
[[1,1,608,2], [861.14]]
[[1,3,608,2], [2381.13]]
[[0,1,608,2], [1401.61]]
[[1,1,640,2], [908.89]]
[[1,3,640,2], [2720.33]]
[[0,1,640,2], [899.09]]
[[1,1,672,2], [911.04]]
[[1,2,672,2], [1841.79]]
[[0,1,672,2], [873.25]]
[[1,2,704,2], [1555.01]]
[[0,1,704,2], [959.50]]
[[1,1,736,2], [545.55]]
[[1,2,736,2], [1261.99]]
[[1,3,736,2], [1710.67]]
[[0,1,736,2], [739.71]]
[[1,2,768,2], [1226.92]]
[[1,3,768,2], [1891.96]]
[[0,1,768,2], [686.22]]
[[1,1,800,2], [607.12]]
[[1,2,800,2], [1273.80]]
[[0,1,800,2], [773.74]]
